[gd_scene format=3 uid="uid://dptcsnevbyyvg"]

[ext_resource type="PackedScene" uid="uid://4sf8iqthhbnx" path="res://graphics/3d/man.blend" id="1_vhpr4"]
[ext_resource type="Script" uid="uid://tr1e6474njaw" path="res://skeletor/man.gd" id="2_avsgd"]

[sub_resource type="CapsuleShape3D" id="CapsuleShape3D_s8fgb"]
radius = 0.015221953
height = 0.15221953

[sub_resource type="CapsuleShape3D" id="CapsuleShape3D_83ori"]

[sub_resource type="CapsuleShape3D" id="CapsuleShape3D_kaj4y"]
radius = 0.013663666
height = 0.13663666

[sub_resource type="CapsuleShape3D" id="CapsuleShape3D_14gdx"]
radius = 0.01728875
height = 0.1728875

[sub_resource type="CapsuleShape3D" id="CapsuleShape3D_6o3ks"]
radius = 0.019257847
height = 0.19257846

[sub_resource type="CapsuleShape3D" id="CapsuleShape3D_sermk"]
radius = 0.006616349
height = 0.06616349

[sub_resource type="CapsuleShape3D" id="CapsuleShape3D_cq7rg"]
radius = 0.006270123
height = 0.06270123

[sub_resource type="CapsuleShape3D" id="CapsuleShape3D_qglpa"]
radius = 0.020197343
height = 0.20197344

[sub_resource type="CapsuleShape3D" id="CapsuleShape3D_5fdye"]
radius = 0.028850978
height = 0.2885098

[sub_resource type="CapsuleShape3D" id="CapsuleShape3D_ula31"]
radius = 0.026283566
height = 0.26283565

[sub_resource type="CapsuleShape3D" id="CapsuleShape3D_cjn2g"]
radius = 0.020197343
height = 0.20197344

[sub_resource type="CapsuleShape3D" id="CapsuleShape3D_5j8wf"]
radius = 0.028850978
height = 0.2885098

[sub_resource type="CapsuleShape3D" id="CapsuleShape3D_cgm27"]
radius = 0.026283566
height = 0.26283565

[sub_resource type="CapsuleShape3D" id="CapsuleShape3D_4dvcl"]
radius = 0.05363695
height = 0.5363695

[sub_resource type="CapsuleShape3D" id="CapsuleShape3D_hmbqa"]
radius = 0.045421474
height = 0.45421472

[sub_resource type="CapsuleShape3D" id="CapsuleShape3D_3atdg"]
radius = 0.012924587
height = 0.12924588

[sub_resource type="CapsuleShape3D" id="CapsuleShape3D_2yko7"]
radius = 0.05363695
height = 0.5363695

[sub_resource type="CapsuleShape3D" id="CapsuleShape3D_lavkf"]
radius = 0.045421474
height = 0.45421472

[sub_resource type="CapsuleShape3D" id="CapsuleShape3D_p0ehq"]
radius = 0.012924587
height = 0.12924588

[node name="man" unique_id=319681035 instance=ExtResource("1_vhpr4")]
script = ExtResource("2_avsgd")

[node name="PhysicalBoneSimulator3D" type="PhysicalBoneSimulator3D" parent="metarig/Skeleton3D" parent_id_path=PackedInt32Array(1519002627) index="2" unique_id=741079171]

[node name="Physical Bone spine" type="PhysicalBone3D" parent="metarig/Skeleton3D/PhysicalBoneSimulator3D" index="0" unique_id=1759702238]
transform = Transform3D(1, 0, 0, 0, -0.2496394, -0.9683389, 0, 0.9683389, -0.2496394, 0, 1.0836, -0.036199868)
collision_layer = 5
joint_type = 2
joint_offset = Transform3D(1, 0, 0, 0, 1, 0, 0, 0, 1, 0, -1.2601402e-07, 0.07610982)
body_offset = Transform3D(1, 0, 0, 0, 8.940697e-08, -1.0000001, 0, 1.0000001, 8.940697e-08, 0, 0.07610983, 1.1920929e-07)
bone_name = "spine"
joint_constraints/swing_span = 9.999997
joint_constraints/twist_span = 69.99999
joint_constraints/bias = 0.3
joint_constraints/softness = 0.8
joint_constraints/relaxation = 1.0

[node name="CollisionShape3D" type="CollisionShape3D" parent="metarig/Skeleton3D/PhysicalBoneSimulator3D/Physical Bone spine" index="0" unique_id=241452988]
transform = Transform3D(1, 0, 0, 0, 0, 1, 0, -1, 0, 0, 0, 0)
shape = SubResource("CapsuleShape3D_s8fgb")

[node name="CollisionShape3D2" type="CollisionShape3D" parent="metarig/Skeleton3D/PhysicalBoneSimulator3D/Physical Bone spine" index="1" unique_id=1624208845]
transform = Transform3D(1, 0, 0, 0, 0.1882898, -0.98211336, 0, 0.98211336, 0.1882898, 0, 0.031811655, 0.1233958)
shape = SubResource("CapsuleShape3D_83ori")

[node name="Physical Bone spine_001" type="PhysicalBone3D" parent="metarig/Skeleton3D/PhysicalBoneSimulator3D" index="1" unique_id=1533049684]
transform = Transform3D(1, 0, 0, 0, -0.12295372, -0.99241245, 0, 0.9924124, -0.12295373, 0, 1.2250999, -0.008800015)
joint_type = 2
joint_offset = Transform3D(1, 0, 0, 0, 1, 0, 0, 0, 1, 0, -1.4392147e-08, 0.06831824)
body_offset = Transform3D(1, 0, 0, 0, -2.2351742e-08, -1.0000001, 0, 1.0000002, -7.450581e-09, 0, 0.06831825, 1.4901161e-08)
bone_name = "spine.001"
joint_constraints/swing_span = 9.999997
joint_constraints/twist_span = 69.99999
joint_constraints/bias = 0.3
joint_constraints/softness = 0.8
joint_constraints/relaxation = 1.0

[node name="CollisionShape3D" type="CollisionShape3D" parent="metarig/Skeleton3D/PhysicalBoneSimulator3D/Physical Bone spine_001" index="0" unique_id=806013857]
transform = Transform3D(1, 0, 0, 0, 0, 1, 0, -1, 0, 0, 0, 0)
shape = SubResource("CapsuleShape3D_kaj4y")

[node name="Physical Bone spine_002" type="PhysicalBone3D" parent="metarig/Skeleton3D/PhysicalBoneSimulator3D" index="2" unique_id=1019438147]
transform = Transform3D(1, 0, 0, 0, 0.031812716, -0.9994939, 0, 0.9994939, 0.03181272, 0, 1.3793144, -0.0031497148)
joint_type = 2
joint_offset = Transform3D(1, 0, 0, 0, 1, 0, 0, 0, 1, 0, -7.8502705e-07, 0.08645832)
body_offset = Transform3D(1, 0, 0, 0, 0, -1.0000001, 0, 1.0000004, 7.4505806e-08, 0, 0.086458325, 7.785857e-07)
bone_name = "spine.002"
joint_constraints/swing_span = 9.999997
joint_constraints/twist_span = 69.99999
joint_constraints/bias = 0.3
joint_constraints/softness = 0.8
joint_constraints/relaxation = 1.0

[node name="CollisionShape3D" type="CollisionShape3D" parent="metarig/Skeleton3D/PhysicalBoneSimulator3D/Physical Bone spine_002" index="0" unique_id=747859912]
transform = Transform3D(1, 0, 0, 0, 0, 1, 0, -1, 0, 0, 0, 0)
shape = SubResource("CapsuleShape3D_14gdx")

[node name="Physical Bone spine_003" type="PhysicalBone3D" parent="metarig/Skeleton3D/PhysicalBoneSimulator3D" index="3" unique_id=1044459631]
transform = Transform3D(1, 0, 0, 0, 0.028559908, -0.99959207, 0, 0.9995921, 0.028559906, 0, 1.5616138, -0.008647146)
joint_type = 2
joint_offset = Transform3D(1, 0, 0, 0, 1, -1.8626451e-09, 0, 0, 1, 0, 6.697835e-06, 0.09595333)
body_offset = Transform3D(1, 0, 0, 0, 7.450581e-09, -1.0000001, 0, 1.0000004, 8.009374e-08, 0, 0.095953345, -6.7055225e-06)
bone_name = "spine.003"
joint_constraints/swing_span = 9.999997
joint_constraints/twist_span = 69.99999
joint_constraints/bias = 0.3
joint_constraints/softness = 0.8
joint_constraints/relaxation = 1.0

[node name="CollisionShape3D" type="CollisionShape3D" parent="metarig/Skeleton3D/PhysicalBoneSimulator3D/Physical Bone spine_003" index="0" unique_id=1410426980]
transform = Transform3D(1, 0, 0, 0, 0, 1, 0, -1, 0, 0, 0, 0)
shape = SubResource("CapsuleShape3D_6o3ks")

[node name="Physical Bone spine_004" type="PhysicalBone3D" parent="metarig/Skeleton3D/PhysicalBoneSimulator3D" index="4" unique_id=677500726]
transform = Transform3D(1, 0, 0, 0, -0.36878273, -0.92951566, 0, 0.92951566, -0.36878273, 0, 1.6889496, 0.00079981424)
joint_type = 2
joint_offset = Transform3D(1, 0, 0, 0, 1, 0, 0, 0, 1, 0, 8.864605e-08, 0.03308164)
body_offset = Transform3D(1, 0, 0, 0, 1.013279e-06, -1.0000004, 0, 1.0000005, 9.23872e-07, 0, 0.03308165, -1.1920929e-07)
bone_name = "spine.004"
joint_constraints/swing_span = 9.999997
joint_constraints/twist_span = 69.99999
joint_constraints/bias = 0.3
joint_constraints/softness = 0.8
joint_constraints/relaxation = 1.0

[node name="CollisionShape3D" type="CollisionShape3D" parent="metarig/Skeleton3D/PhysicalBoneSimulator3D/Physical Bone spine_004" index="0" unique_id=1842636068]
transform = Transform3D(1, 0, 0, 0, 0, 1, 0, -1, 0, 0, 0, 0)
shape = SubResource("CapsuleShape3D_sermk")

[node name="Physical Bone spine_005" type="PhysicalBone3D" parent="metarig/Skeleton3D/PhysicalBoneSimulator3D" index="5" unique_id=505437020]
transform = Transform3D(1, 0, 0, 0, -0.18659961, -0.98243606, 0, 0.98243606, -0.18659961, 0, 1.7504996, 0.018849893)
joint_type = 2
joint_offset = Transform3D(1, 0, 0, 0, 1, 0, 0, 0, 1, 0, 1.4481964e-08, 0.0313506)
body_offset = Transform3D(1, 0, 0, 0, -4.3213367e-07, -1.0000004, 0, 1.0000005, -4.61936e-07, 0, 0.031350613, 0)
bone_name = "spine.005"
joint_constraints/swing_span = 9.999997
joint_constraints/twist_span = 69.99999
joint_constraints/bias = 0.3
joint_constraints/softness = 0.8
joint_constraints/relaxation = 1.0

[node name="CollisionShape3D" type="CollisionShape3D" parent="metarig/Skeleton3D/PhysicalBoneSimulator3D/Physical Bone spine_005" index="0" unique_id=221146469]
transform = Transform3D(1, 0, 0, 0, 0, 1, 0, -1, 0, 0, 0, 0)
shape = SubResource("CapsuleShape3D_cq7rg")

[node name="Physical Bone shoulder_L" type="PhysicalBone3D" parent="metarig/Skeleton3D/PhysicalBoneSimulator3D" index="6" unique_id=1485449952]
transform = Transform3D(0.47386315, -0.086368635, -0.8763528, 0.35695943, 0.9285892, 0.101499036, 0.8050054, -0.36091906, 0.4708543, 0.107094556, 1.5998151, 0.020587705)
joint_type = 2
joint_offset = Transform3D(1, 0, 0, 0, 1, 0, 0, 0, 1, -0.0017010091, -0.0046801465, 0.10086431)
body_offset = Transform3D(0.93409395, -0.35493836, -0.038576543, 1.1920929e-07, 0.10805027, -0.99414575, 0.35702848, 0.928625, 0.10092906, 0.0038187355, 0.10077952, -0.0052267313)
bone_name = "shoulder.L"
joint_constraints/swing_span = 9.999997
joint_constraints/twist_span = 69.99999
joint_constraints/bias = 0.3
joint_constraints/softness = 0.8
joint_constraints/relaxation = 1.0

[node name="CollisionShape3D" type="CollisionShape3D" parent="metarig/Skeleton3D/PhysicalBoneSimulator3D/Physical Bone shoulder_L" index="0" unique_id=1897492142]
transform = Transform3D(1, 0, 0, 0, 0, 1, 0, -1, 0, 0, 0, 0)
shape = SubResource("CapsuleShape3D_qglpa")

[node name="Physical Bone upper_arm_L" type="PhysicalBone3D" parent="metarig/Skeleton3D/PhysicalBoneSimulator3D" index="7" unique_id=1777622609]
transform = Transform3D(-0.48077032, 0.18780191, -0.8564989, -0.8768466, -0.1030231, 0.46960232, -4.6958874e-05, 0.976789, 0.21420391, 0.31885046, 1.5168493, -0.0576)
joint_type = 2
joint_offset = Transform3D(1, 0, 0, 0, 1, 0, 0, 0, 1, -8.719347e-06, -1.18755764e-07, 0.14425546)
body_offset = Transform3D(1, 1.4975132e-05, 5.961742e-05, 5.979906e-05, -5.5134296e-07, -0.9999998, -1.4905156e-05, 1.0000006, -4.172325e-07, 1.1920929e-07, 0.14425543, 1.7881393e-07)
bone_name = "upper_arm.L"
joint_constraints/swing_span = 9.999997
joint_constraints/twist_span = 69.99999
joint_constraints/bias = 0.3
joint_constraints/softness = 0.8
joint_constraints/relaxation = 1.0

[node name="CollisionShape3D" type="CollisionShape3D" parent="metarig/Skeleton3D/PhysicalBoneSimulator3D/Physical Bone upper_arm_L" index="0" unique_id=772943750]
transform = Transform3D(1, 0, 0, 0, 0, 1, 0, -1, 0, 0, 0, 0)
shape = SubResource("CapsuleShape3D_5fdye")

[node name="Physical Bone forearm_L" type="PhysicalBone3D" parent="metarig/Skeleton3D/PhysicalBoneSimulator3D" index="8" unique_id=1027050409]
transform = Transform3D(-0.5502481, -0.124872, -0.82561135, -0.8350013, 0.082244575, 0.5440669, -3.6669062e-05, 0.9887582, -0.14952321, 0.55089957, 1.3775995, -0.06885044)
joint_type = 2
joint_offset = Transform3D(0.9999999, 3.317837e-09, 3.040304e-08, -3.3178367e-09, 0.9999998, -1.4901161e-08, -3.0403044e-08, 1.4901161e-08, 0.9999998, -2.0927315e-07, 3.1249598e-07, 0.13141733)
joint_rotation = Vector3(1.4901165e-08, 3.0403047e-08, -3.3178371e-09)
body_offset = Transform3D(1.0000001, -3.5165795e-07, -2.2177665e-07, -2.8991508e-08, 1.4901161e-07, -1, 3.631576e-07, 1.0000007, -2.2351742e-07, 2.3841858e-07, 0.13141733, -2.8312206e-07)
bone_name = "forearm.L"
joint_constraints/swing_span = 9.999997
joint_constraints/twist_span = 69.99999
joint_constraints/bias = 0.3
joint_constraints/softness = 0.8
joint_constraints/relaxation = 1.0

[node name="CollisionShape3D" type="CollisionShape3D" parent="metarig/Skeleton3D/PhysicalBoneSimulator3D/Physical Bone forearm_L" index="0" unique_id=298580252]
transform = Transform3D(1, 0, 0, 0, 0, 1, 0, -1, 0, 0, 0, 0)
shape = SubResource("CapsuleShape3D_ula31")

[node name="Physical Bone shoulder_R" type="PhysicalBone3D" parent="metarig/Skeleton3D/PhysicalBoneSimulator3D" index="9" unique_id=1649551989]
transform = Transform3D(0.47386315, 0.086368635, 0.8763528, -0.35695943, 0.9285892, 0.101499036, -0.8050054, -0.36091906, 0.4708543, -0.10706979, 1.5998037, 0.020603586)
joint_type = 2
joint_offset = Transform3D(1, 0, 0, 0, 1, 0, 0, 0, 1, 0.001697981, -0.004665941, 0.10083629)
body_offset = Transform3D(0.93409395, 0.35493836, 0.038576543, -1.1920929e-07, 0.10805027, -0.99414575, -0.35702848, 0.928625, 0.10092906, -0.003819868, 0.100750126, -0.0052381754)
bone_name = "shoulder.R"
joint_constraints/swing_span = 9.999997
joint_constraints/twist_span = 69.99999
joint_constraints/bias = 0.3
joint_constraints/softness = 0.8
joint_constraints/relaxation = 1.0

[node name="CollisionShape3D" type="CollisionShape3D" parent="metarig/Skeleton3D/PhysicalBoneSimulator3D/Physical Bone shoulder_R" index="0" unique_id=1599813328]
transform = Transform3D(1, 0, 0, 0, 0, 1, 0, -1, 0, 0, 0, 0)
shape = SubResource("CapsuleShape3D_cjn2g")

[node name="Physical Bone upper_arm_R" type="PhysicalBone3D" parent="metarig/Skeleton3D/PhysicalBoneSimulator3D" index="10" unique_id=1229922767]
transform = Transform3D(-0.48077032, -0.18780191, 0.8564989, 0.8768466, -0.1030231, 0.46960232, 4.6956597e-05, 0.976789, 0.21420391, -0.31884938, 1.5168473, -0.057599865)
joint_type = 2
joint_offset = Transform3D(1, 0, 0, 0, 1, 0, 0, 0, 1, 1.0984321e-05, -2.528999e-07, 0.14425546)
body_offset = Transform3D(1, -1.4975132e-05, -5.961742e-05, -5.979857e-05, -5.5134296e-07, -0.9999998, 1.4902933e-05, 1.0000006, -4.172325e-07, -2.3841858e-06, 0.14425543, 3.1292439e-07)
bone_name = "upper_arm.R"
joint_constraints/swing_span = 9.999997
joint_constraints/twist_span = 69.99999
joint_constraints/bias = 0.3
joint_constraints/softness = 0.8
joint_constraints/relaxation = 1.0

[node name="CollisionShape3D" type="CollisionShape3D" parent="metarig/Skeleton3D/PhysicalBoneSimulator3D/Physical Bone upper_arm_R" index="0" unique_id=79976179]
transform = Transform3D(1, 0, 0, 0, 0, 1, 0, -1, 0, 0, 0, 0)
shape = SubResource("CapsuleShape3D_5j8wf")

[node name="Physical Bone forearm_R" type="PhysicalBone3D" parent="metarig/Skeleton3D/PhysicalBoneSimulator3D" index="11" unique_id=1339832054]
transform = Transform3D(-0.5502481, 0.12487199, 0.82561135, 0.8350013, 0.08224457, 0.5440669, 3.6667254e-05, 0.9887582, -0.1495232, -0.55090046, 1.3775995, -0.068850055)
joint_type = 2
joint_offset = Transform3D(1, 0, 0, 0, 1, 0, 0, 0, 1, -2.6756408e-07, 3.4866417e-08, 0.13141814)
body_offset = Transform3D(1.0000001, 3.5910853e-07, 2.217771e-07, 2.8721843e-08, 1.4901161e-07, -1, -3.6494384e-07, 1.0000007, -2.0861626e-07, 2.3841858e-07, 0.13141814, -7.450581e-09)
bone_name = "forearm.R"
joint_constraints/swing_span = 9.999997
joint_constraints/twist_span = 69.99999
joint_constraints/bias = 0.3
joint_constraints/softness = 0.8
joint_constraints/relaxation = 1.0

[node name="CollisionShape3D" type="CollisionShape3D" parent="metarig/Skeleton3D/PhysicalBoneSimulator3D/Physical Bone forearm_R" index="0" unique_id=69268019]
transform = Transform3D(1, 0, 0, 0, 0, 1, 0, -1, 0, 0, 0, 0)
shape = SubResource("CapsuleShape3D_cgm27")

[node name="Physical Bone thigh_L" type="PhysicalBone3D" parent="metarig/Skeleton3D/PhysicalBoneSimulator3D" index="12" unique_id=2004135209]
transform = Transform3D(1, 0, 0, 0, -0.076440446, 0.9970742, 0, -0.9970742, -0.076440446, 0.09799993, 0.8046, 0.008100169)
joint_type = 2
joint_offset = Transform3D(1, 0, 0, 0, 1, 0, 0, 0, 1, 6.7055225e-08, 0, 0.2681847)
body_offset = Transform3D(1, 0, 0, 0, 0, -1.0000004, 0, 1.0000029, 0, -6.7055225e-08, 0.26818478, 0)
bone_name = "thigh.L"
joint_constraints/swing_span = 9.999997
joint_constraints/twist_span = 69.99999
joint_constraints/bias = 0.3
joint_constraints/softness = 0.8
joint_constraints/relaxation = 1.0

[node name="CollisionShape3D" type="CollisionShape3D" parent="metarig/Skeleton3D/PhysicalBoneSimulator3D/Physical Bone thigh_L" index="0" unique_id=856294012]
transform = Transform3D(1, 0, 0, 0, 0, 1, 0, -1, 0, 0, 0, 0)
shape = SubResource("CapsuleShape3D_4dvcl")

[node name="Physical Bone shin_L" type="PhysicalBone3D" parent="metarig/Skeleton3D/PhysicalBoneSimulator3D" index="13" unique_id=1309740626]
transform = Transform3D(1, 1.2692626e-14, 1.640335e-08, -1.6323366e-08, 0.09863219, 0.99512404, -1.6178855e-09, -0.995124, 0.098632194, 0.09799993, 0.31120008, 0.0062004365)
joint_type = 2
joint_offset = Transform3D(1, 0, 0, 0, 1, 0, 0, 0, 1, 6.332991e-08, 2.0118648e-07, 0.22710724)
body_offset = Transform3D(1, 1.2692628e-14, 1.6403348e-08, 1.6403355e-08, 0, -1.0000005, 1.9984014e-15, 1.0000029, -8.940697e-07, -6.7055225e-08, 0.22710735, 1.8626451e-09)
bone_name = "shin.L"
joint_constraints/swing_span = 9.999997
joint_constraints/twist_span = 69.99999
joint_constraints/bias = 0.3
joint_constraints/softness = 0.8
joint_constraints/relaxation = 1.0

[node name="CollisionShape3D" type="CollisionShape3D" parent="metarig/Skeleton3D/PhysicalBoneSimulator3D/Physical Bone shin_L" index="0" unique_id=1746984531]
transform = Transform3D(1, 0, 0, 0, 0, 1, 0, -1, 0, 0, 0, 0)
shape = SubResource("CapsuleShape3D_hmbqa")

[node name="Physical Bone foot_L" type="PhysicalBone3D" parent="metarig/Skeleton3D/PhysicalBoneSimulator3D" index="14" unique_id=1335560178]
transform = Transform3D(1, -1.3069645e-13, 5.7646464e-08, -3.0552567e-08, -0.8479995, 0.52999705, 4.8884104e-08, -0.52999705, -0.8479995, 0.09799993, 0.050950114, 0.038600612)
joint_type = 2
joint_offset = Transform3D(1, 0, 0, 0, 1, 0, 0, 0, 1, 5.5879365e-08, -1.5599858e-07, 0.06462284)
body_offset = Transform3D(1, -1.3069647e-13, 5.7646464e-08, 5.7646574e-08, 0, -1.0000019, -8.881784e-15, 1.0000013, 2.413988e-06, -5.9604645e-08, 0.06462297, 0)
bone_name = "foot.L"
joint_constraints/swing_span = 9.999997
joint_constraints/twist_span = 69.99999
joint_constraints/bias = 0.3
joint_constraints/softness = 0.8
joint_constraints/relaxation = 1.0

[node name="CollisionShape3D" type="CollisionShape3D" parent="metarig/Skeleton3D/PhysicalBoneSimulator3D/Physical Bone foot_L" index="0" unique_id=1573094113]
transform = Transform3D(1, 0, 0, 0, 0, 1, 0, -1, 0, 0, 0, 0)
shape = SubResource("CapsuleShape3D_3atdg")

[node name="Physical Bone thigh_R" type="PhysicalBone3D" parent="metarig/Skeleton3D/PhysicalBoneSimulator3D" index="15" unique_id=1707192218]
transform = Transform3D(1, 0, 0, 0, -0.076440446, 0.9970742, 0, -0.9970742, -0.076440446, -0.09799999, 0.8046, 0.008100169)
joint_type = 2
joint_offset = Transform3D(1, 0, 0, 0, 1, 0, 0, 0, 1, -7.450581e-09, 0, 0.2681847)
body_offset = Transform3D(1, 0, 0, 0, 0, -1.0000004, 0, 1.0000029, 0, 7.450581e-09, 0.26818478, 0)
bone_name = "thigh.R"
joint_constraints/swing_span = 9.999997
joint_constraints/twist_span = 69.99999
joint_constraints/bias = 0.3
joint_constraints/softness = 0.8
joint_constraints/relaxation = 1.0

[node name="CollisionShape3D" type="CollisionShape3D" parent="metarig/Skeleton3D/PhysicalBoneSimulator3D/Physical Bone thigh_R" index="0" unique_id=1776171142]
transform = Transform3D(1, 0, 0, 0, 0, 1, 0, -1, 0, 0, 0, 0)
shape = SubResource("CapsuleShape3D_2yko7")

[node name="Physical Bone shin_R" type="PhysicalBone3D" parent="metarig/Skeleton3D/PhysicalBoneSimulator3D" index="16" unique_id=491977174]
transform = Transform3D(1, -1.2692626e-14, -1.640335e-08, 1.6323366e-08, 0.09863219, 0.99512404, 1.6178855e-09, -0.995124, 0.098632194, -0.09799999, 0.31120008, 0.0062004365)
joint_type = 2
joint_offset = Transform3D(1, 0, 0, 0, 1, 0, 0, 0, 1, -3.7252619e-09, 2.0118648e-07, 0.22710724)
body_offset = Transform3D(1, -1.2692628e-14, -1.6403348e-08, -1.6403355e-08, 0, -1.0000005, -1.9984014e-15, 1.0000029, -8.940697e-07, 7.450581e-09, 0.22710735, 1.8626451e-09)
bone_name = "shin.R"
joint_constraints/swing_span = 9.999997
joint_constraints/twist_span = 69.99999
joint_constraints/bias = 0.3
joint_constraints/softness = 0.8
joint_constraints/relaxation = 1.0

[node name="CollisionShape3D" type="CollisionShape3D" parent="metarig/Skeleton3D/PhysicalBoneSimulator3D/Physical Bone shin_R" index="0" unique_id=928071810]
transform = Transform3D(1, 0, 0, 0, 0, 1, 0, -1, 0, 0, 0, 0)
shape = SubResource("CapsuleShape3D_lavkf")

[node name="Physical Bone foot_R" type="PhysicalBone3D" parent="metarig/Skeleton3D/PhysicalBoneSimulator3D" index="17" unique_id=1173137104]
transform = Transform3D(1, 1.3069645e-13, -5.7646464e-08, 3.0552567e-08, -0.8479995, 0.52999705, -4.8884104e-08, -0.52999705, -0.8479995, -0.09799999, 0.050950114, 0.038600612)
joint_type = 2
joint_offset = Transform3D(1, 0, 0, 0, 1, 0, 0, 0, 1, 3.7252785e-09, -1.5599858e-07, 0.06462284)
body_offset = Transform3D(1, 1.3069647e-13, -5.7646464e-08, -5.7646574e-08, 0, -1.0000019, 8.881784e-15, 1.0000013, 2.413988e-06, 0, 0.06462297, 0)
bone_name = "foot.R"
joint_constraints/swing_span = 9.999997
joint_constraints/twist_span = 69.99999
joint_constraints/bias = 0.3
joint_constraints/softness = 0.8
joint_constraints/relaxation = 1.0

[node name="CollisionShape3D" type="CollisionShape3D" parent="metarig/Skeleton3D/PhysicalBoneSimulator3D/Physical Bone foot_R" index="0" unique_id=974786969]
transform = Transform3D(1, 0, 0, 0, 0, 1, 0, -1, 0, 0, 0, 0)
shape = SubResource("CapsuleShape3D_p0ehq")
